   1.0000000   2.2873553   0.8908079
   1.0000000   2.4717267  -0.6861101
   1.0000000   0.3836040  -1.6322217
   1.0000000  -2.0572025  -1.0776761
   1.0000000  -2.6066264   0.4676799
   1.0000000  -0.7595301   1.5830532
   1.0000000   1.7858747   1.2429747
   1.0000000   2.6893545  -0.2398890
   1.0000000   1.1202542  -1.5021998
   1.0000000  -1.4788027  -1.3833951
   1.0000000  -2.7182552   0.0072967
   1.0000000  -1.4585564   1.3912800
   1.0000000   1.1421324   1.4961268
   1.0000000   2.6927500   0.2254416
   1.0000000   1.7676656  -1.2525136
   1.0000000  -0.7826024  -1.5789136
   1.0000000  -2.6133493  -0.4536676
   1.0000000  -2.0413950   1.0886782
   1.0000000   0.4074085   1.6300983
   1.0000000   2.4816425   0.6728136